10 0.0003671
60 0.0009469
110 0.0029545
160 0.0027651
210 0.0032739
260 0.003588
310 0.0066042
360 0.0047484
410 0.0052953
460 0.009415
510 0.0084923
560 0.014071
610 0.0073332
660 0.0098
710 0.0119624
760 0.01331
810 0.0179912
860 0.0143039
910 0.0199572
960 0.0248893
1010 0.0237608
1060 0.0258723
1110 0.0183992
1160 0.0141294
1210 0.0159203
1260 0.0248787
1310 0.0197627
1360 0.0248325
1410 0.0254665
1460 0.0178812
1510 0.0191797
1560 0.03302
1610 0.0305059
1660 0.0346678
1710 0.0473224
1760 0.0317901
1810 0.0342711
1860 0.0400513
1910 0.0509647
1960 0.0429688
2010 0.048365
2060 0.0766805
2110 0.0437909
2160 0.0373385
2210 0.0379417
2260 0.0395017
2310 0.048322
2360 0.0673047
2410 0.0532078
2460 0.0359636
2510 0.0404394
2560 0.0520138
2610 0.0413732
2660 0.0534162
2710 0.0701294
2760 0.061698
2810 0.0501551
2860 0.0394528
2910 0.0529451
2960 0.0467081
