10 0.0002105
60 0.0004914
110 0.0006563
160 0.0010632
210 0.0014735
260 0.0015971
310 0.0019713
360 0.001859
410 0.0022446
460 0.002774
510 0.0032092
560 0.0030303
610 0.003182
660 0.0037002
710 0.0046408
760 0.0045179
810 0.0051991
860 0.0051254
910 0.0078675
960 0.0081203
1010 0.0081703
1060 0.0087332
1110 0.0068879
1160 0.0085292
1210 0.0067975
1260 0.0079379
1310 0.0079882
1360 0.0091987
1410 0.0090589
1460 0.0083016
1510 0.0078799
1560 0.0089266
1610 0.0135582
1660 0.0148779
1710 0.0144815
1760 0.0126856
1810 0.0129352
1860 0.013863
1910 0.0138006
1960 0.0163553
2010 0.0153219
2060 0.0215072
2110 0.017412
2160 0.0156036
2210 0.0172692
2260 0.0198916
2310 0.0388142
2360 0.0191421
2410 0.0155563
2460 0.0143512
2510 0.0211985
2560 0.0161802
2610 0.0200377
2660 0.0188902
2710 0.0229662
2760 0.0221879
2810 0.0184511
2860 0.0193711
2910 0.0203356
2960 0.0212231
