10 0.0001764
60 0.001563
110 0.0047648
160 0.0104499
210 0.023188
260 0.0310171
310 0.0424244
360 0.0755412
410 0.152852
460 0.101223
510 0.135589
560 0.18238
610 0.197401
660 0.29975
710 0.252989
760 0.429099
810 0.342802
860 0.386034
910 0.425064
960 0.491926
1010 0.630538
1060 0.602435
1110 0.825939
1160 0.746867
1210 0.835075
1260 1.1592
1310 0.964614
1360 1.02493
1410 1.1897
1460 1.25801
1510 1.31409
1560 1.46407
1610 1.61816
1660 1.62112
1710 1.64693
1760 2.0515
1810 2.019
1860 1.9911
1910 2.10694
1960 2.35232
2010 2.32497
2060 2.5634
2110 2.65835
2160 3.03909
2210 3.1315
2260 3.00743
2310 3.18285
2360 3.36695
2410 4.67341
2460 3.65383
2510 3.9459
2560 3.97023
2610 4.40969
2660 4.2915
2710 4.44999
2760 4.86749
2810 5.30767
2860 5.06695
2910 5.33326
2960 5.43091
