10 0.0001485
60 0.0011694
110 0.0020134
160 0.0035966
210 0.0053533
260 0.0068821
310 0.0090591
360 0.0109377
410 0.0182772
460 0.0189906
510 0.0200859
560 0.0231083
610 0.0370568
660 0.0368837
710 0.0445115
760 0.057126
810 0.0653597
860 0.0463971
910 0.0689479
960 0.0623327
1010 0.0660162
1060 0.0740674
1110 0.0884912
1160 0.0813748
1210 0.0967246
1260 0.0939818
1310 0.0968426
1360 0.116216
1410 0.132684
1460 0.103994
1510 0.109986
1560 0.165423
1610 0.156152
1660 0.152905
1710 0.134991
1760 0.146566
1810 0.164948
1860 0.156042
1910 0.161995
1960 0.168799
2010 0.185368
2060 0.185159
2110 0.187213
2160 0.196818
2210 0.234819
2260 0.228128
2310 0.2245
2360 0.240727
2410 0.24784
2460 0.259379
2510 0.266956
2560 0.289117
2610 0.282796
2660 0.281585
2710 0.330722
2760 0.337646
2810 0.400494
2860 0.32974
2910 0.34584
2960 0.34527
